-1782997119
-1172295780
-1385525940
184109106
2047430722
-1622047101
1255612952
-1407364674
758770268
1821245885
-1975636049
640375316
2098192779
741897144
-429945092
1892253945
-243029728
611431448
1283964472
1575605968
1097620672
-865402057
1315274518
263604207
52470001
1559369113
1314286844
1805421424
-934951417
1665129454
-791728200
58763496
-399484056
-2115055520
-1430606853
-2085208848
-1824354894
-768125108
-1674692083
1661888867
1720590425
1563860953
296500344
-1777279262
-1391645623
-2025440675
-272695013
-1589487094
1592567833
2039151376
-1629506265
-284281073
-2003447252
-1086409836
-1790562036
-1802600679
10651485
288825926
1801634726
811705798
896869076
578588137
503570252
-1631985826
-202561413
1580957187
248050208
236768921
690181889
674058797
999654800
987747771
244166966
-2108962008
-1474829096
-868334921
-276572808
-1298831768
-1624423230
227227235
372709850
1656028155
548532970
152428170
-1469378703
1533641549
-1149630213
584343105
957398526
990733723
-763222065
525487831
1454859485
2007530541
612838596
632330726
245838135
1221584377
1054185661
786728294
-1152580044
-590945674
-1028297019
-1506418568
707466149
1716423627
-900083383
-411579478
882959662
-126548808
1146629232
-73191848
1434861400
659272999
209509452
-285020240
1230681271
48585528
-367639870
2133695566
-1204925953
-1940265000
6930324
867294323
839016116
-1934955838
-649571695
-607551648
-579171001
1274652899
-127265426
601318857
420011653
1780381820
1523792814
-1099274206
-1227745393
972479729
1410871501
-492218586
-244450614
-1482236228
240988675
1749474091
-1672090545
-1608400472
992803795
-2097003703
192841285
-1689299950
-619654756
1942414050
-1764662656
769874150
-841596841
-440734261
-1594774865
955960748
555181952
-1303593798
-1973633558
-1284750416
124339292
417489327
1828402204
-356731883
489334343
1947230931
-497091575
1739840583
106576196
1827515610
-1150450027
-951076336
-597779808
-442322626
640568990
1589398406
-1523560373
-1429217859
-2087096217
1237007892
112376156
-1171230084
2018921631
412222785
-793268366
-541055159
-28775979
967343027
948695285
661955440
1442874619
-822485654
1928402661
-1346513039
1889731317
2034690990
560705587
817811310
-569079474
257495937
-758506162
-708851205
-1734315400
-1194817633
-550076005
-1268489361
903357510
-1448266652
-197544611
1557342931
1528105448
-1956357664
1499312361
1156740729
-596851642
-1280042808
-2139006267
1342481861
953127762
470635682
717781012
-726285289
1006256382
-1555576837
-707427967
2107193816
2104681533
765343761
-586912431
-1735073074
1919069011
-1083156492
749095121
-815862618
967236283
-1957925692
-1275047952
1537137915
-1673013228
1079323335
1733704849
1221394292
966116089
-348333910
-1297233537
-1461689109
1951490820
-1030056495
-1892778900
-1179716932
1793149787
-261922915
80124938
1489001201
1061283546
464670574
-1826300773
1721984034
681390378
1144231058
332503666
-555902728
2140174909
-983490001
20172608
-978366888
-2140589353
-657419717
37103562
-2083394670
10237640
1025447224
1306748326
1756150384
-1126418159
-976056263
-706351011
-2047603947
1313245978
-2003941695
-978272069
-1065177054
-1590544633
427598991
-1153392547
-1876385077
990402955
257181841
-829444401
-1984326687
-1657431036
-418764343
-1393708143
1873604115
1569208772
704644531
-1732075851
-1333117367
-1996969920
1281059950
-304075720
-1924223545
-436106207
-921732586
966884977
1366769652
-1515436231
-149247888
190546962
-1748224478
-1805220992
-717042350
987947290
-381383494
-254925791
-1342514348
-2078824343
-1245894537
1451727824
-2075975796
-1237063488
-142014123
1849427949
162250687
-1829405992
601620096
-2096441743
-688116987
1641542910
1709749552
-1185653391
1208793354
-349061329
1313523147
325650693
-1696696674
-1896068826
-1382401731
500199835
-2059714077
849538545
-1940456888
-294163678
-515697827
-2107362474
-477786917
1867391493
-825504602
542165706
-1773102369
-1549322029
-824160341
30273572
-774812118
1182242143
1006487703
848294174
-4262796
445714405
1238507657
1027798091
-307597105
-678705731
-948830722
-1229496575
-159625602
-1304256657
2128356047
-187669292
-588659678
1314056121
-547524436
895264501
-660378043
2036647380
1385924242
-2116205103
-765640697
140669713
-61425176
672825520
1744441110
-1795548459
-2095194610
-383132522
-637637749
-860780059
1539467615
394315669
-218102666
-97765957
-1450202308
-1056028313
-573983242
638850152
56098786
-531532216
1887166737
-1840142031
1490077686
287883585
1634028377
-1967761407
-1426666618
1481587854
-826453310
-1156144933
-2076616929
-1774572611
-45040598
-1692334230
1440290658
-1462257319
-1416233615
-1251916150
1839317216
-1343662725
-1346902834
-920879230
-466323795
-1210192920
-1408067571
1036822440
-197991343
-502297135
1770041183
-2019180173
843967204
1258823534
2042585062
-1572694324
-315503853
-109033123
1148634083
1408041872
1785256839
-508083692
730854495
-1142682935
-1802085318
-351674627
-1745365387
-1699737613
-32827976
1382518725
717860367
-1057510184
-1010770999
-475859508
-1686499483
-577771528
1020033070
1526031124
906146747
2107781334
-962274733
1586323245
1662502905
-20813834
1408733262
-943618986
158804311
-347375061
180198515
-1202675435
-671896991
81383737
-1597009283
-1625984685
-357455979
995446979
780298930
-1199451557
-508614884
1101839108
-1632939262
-1947481672
-1680680376
2034832897
1376725977
-1393088518
-406983046
1020043545
1108010688
-1853411399
164185341
-719769861
1970886379
2086765274
-1873960623
-1680574456
904723972
-1881985760
-2007875372
1807314503
1076251269
-1389923810
-257827173
-1156226757
1666521051
-143608794
-398537337
1752864510
-1787640913
1509644161
674555972
-613410024
-475324921
-1514707119
-439088772
-987515173
1154372083
-1854451778
-1225361019
1535927328
-1121241317
-708772684
90109556
773043861
-661659358
484147338
-801010567
265182719
-1989212051
-1155938436
-257890250
70823452
496901676
1246523349
191650409
487333280
-1547694542
-417751495
-1480146224
-1278217491
-607206224
395832374
-479888987
-674661630
671298343
888496717
-862450622
1228622273
1514420125
-2031615577
1255956291
-1224668551
-1737803345
-309996238
1757518788
-865955671
-1689405174
-637013015
-836147815
-1348095609
1070813092
-1323065367
-1319038093
1078764082
1441086788
-897814098
1639734366
267602881
418275775
-828883465
-784959282
1327946003
-709067553
959354479
1833593041
974269223
2044274106
884712983
751049822
1303648003
1589081220
1914240511
786767567
-1046757601
576158099
-496978321
-1983339066
569367158
-1225837700
1514042404
-394648033
536667069
1046472546
321668905
888519913
-1109203586
598531407
644587200
-1761832802
1520820201
746776124
189390562
-854611063
-1886061745
-1699682391
1535056382
-1114451609
776988274
-602188834
-1460747048
-1145641801
402330931
-1316427150
-1431096398
1934235796
1347013516
-479746430
-934241223
-1076033089
-317560517
-244459001
-2071545247
-1347293435
546431703
606576281
1634510667
-443753429
1562595117
2025197292
-1317776210
-570686959
1957209831
-1506768472
645705702
-1821569460
-420085327
-40765771
454919492
1438823777
-1232445735
-1567791490
-853516340
-1666538779
-688748014
-1621208423
804419539
-545537973
1230889750
-624577628
-2053992443
-1931751124
1494584894
182795738
-1201275898
1125048723
343462639
130092470
-922860365
-981661980
1502652556
1898375850
-146377680
-1328401814
1604624673
479787454
-1134524500
1109316924
635253388
1520385049
-2065168090
-770186461
1622996902
1926099754
1118542115
1163129150
738405350
1717967136
-763281180
806676345
-1782817783
-1710399315
-1482497089
-1763507446
-821459404
1417315092
1390016410
1728750717
579604231
-824085984
-559293346
-1865752866
710989023
1688299885
1436330807
2040143041
-1461935299
-1173950935
1456409262
1681040878
-425100732
2112821787
-874905530
1391028522
1358688261
-340117574
467690827
760456183
-1782930258
-699304739
1058890827
2126625972
1188498795
-1296974697
326204752
-1414602124
1602858229
974173991
527883127
-1442417625
-1662823659
726313694
1652669917
-1619979123
-1163948484
511614416
-1556603013
-1484003055
-837903812
420744957
-193334934
-1593580081
-1374666975
622323680
-665685309
1726355496
557026065
703134143
-2007538382
-859976310
-1813346306
227009175
1036844208
-1910400762
1356477256
1917432553
786301522
921452783
352694448
131854883
158714767
-1760065276
1493301688
-1575474378
245022007
1794048025
-2057437091
-1694723406
1384467534
1206175245
-1014054110
-155620983
-1170172419
1820965
-113283729
792222325
-1303750695
-2143923450
908602403
421049458
1991008614
1459969909
1438069837
-760884545
-230568550
1315250930
-1421231045
581944931
242773594
-263019133
1994323589
1800221663
1114407851
1937145889
-625579010
-1665112031
-234168461
2068068528
357201983
1497186785
-373206607
-981611977
-2053523093
-1308034243
-1382438458
-1852556646
-1449472083
-1676170948
753317426
884895413
-2012035607
678551688
1088850284
611590320
1584874191
52221425
-1597958439
-887813290
-509461316
662032169
983494967
-1112153896
263805129
-1555630277
-458182655
492945799
-1721896016
428622066
-1868703034
-666318866
-89783153
-2067047769
-1928672390
1161241599
2103077292
-135763055
63263624
-211739328
2101284287
561534502
975755552
-343529981
-2097217450
105857026
-1830950447
1670339979
-654630293
19377567
1822908075
-1273474962
-717378335
-1473253202
-609161761
928392116
-1845021951
222398581
1989375033
-1916895901
1677069703
446532550
2025241302
589295434
302633146
520839032
1372256694
1517922563
1182645728
815899668
1495100866
-691833949
551599058
183489183
641475874
1275759734
-153435312
-863257251
1861138321
-17062781
1964471023
2090822934
735332202
1765838069
250368987
-1829768162
555604224
1395437221
-7406942
-1051153677
1811884459
-1350658358
941124323
688403246
-508220183
1769938458
-1963971525
-1729685084
372469404
1102395860
-1978374327
1312335067
-152190812
1326643710
589065179
-661512778
-1867768
-343611475
-62307922
366662839
1371866337
-175222899
-1234261786
877854129
-1780401958
-1830896923
456002408
1952503951
-1610621037
-2021509016
-1863623509
1634646069
-758400599
-1531506053
-105482329
-1847648700
1341858870
-943275908
-1325908659
146618243
170905168
-1810855950
-1282718996
-1303326983
-1137246397
1231067922
1481303032
-118615331
-1395343884
2083494885
-975962645
-2016836488
-1843955321
359779567
-1586947537
-1670807772
1571228616
-450466432
102188505
-231118082
-230850381
2023327399
1847565190
-775116760
-1115727191
-1773124667
-2048102651
166335020
-1723804767
394591687
2079412628
-1837746390
35449426
1165474937
-441767244
1601918678
-2107522611
-468874649
-405568268
865275679
1004992587
-1261407941
1332708153
-177942524
1346212527
1001380013
345084355
738312559
1100340720
468804772
1763903851
1749491616
1456511160
-1262530278
-101039837
-1661802598
-520011862
2002124285
-19226357
-399102253
1706722207
-354154699
1034878152
1694909698
1095889312
-1862392686
-911769031
-352247664
-1372236714
-521791980
-1828238898
1143937702
-1350304279
102105443
-232620954
778966371
603783759
-2121667468
-78969977
59868419
-526623899
-220546103
-91997322
1688682827
-2045251848
-1335032483
0
