1 1
2 3
3 4
4 7
5 6
6 12
7 8
8 15
9 13
10 18
11 12
12 28
13 14
14 24
15 24
16 31
17 18
18 39
19 20
20 42
21 32
22 36
23 24
24 60
25 31
26 42
27 40
28 56
29 30
30 72
31 32
32 63
33 48
34 54
35 48
36 91
37 38
38 60
39 56
40 90
41 42
42 96
43 44
44 84
45 78
46 72
47 48
48 124
49 57
50 93
51 72
52 98
53 54
54 120
55 72
56 120
57 80
58 90
59 60
60 168
61 62
62 96
63 104
64 127
65 84
66 144
67 68
68 126
69 96
70 144
71 72
72 195
73 74
74 114
75 124
76 140
77 96
78 168
79 80
80 186
81 121
82 126
83 84
84 224
85 108
86 132
87 120
88 180
89 90
90 234
91 112
92 168
93 128
94 144
95 120
96 252
97 98
98 171
99 156
100 217
101 102
102 216
103 104
104 210
105 192
106 162
107 108
108 280
109 110
110 216
111 152
112 248
113 114
114 240
115 144
116 210
117 182
118 180
119 144
120 360
121 133
122 186
123 168
124 224
125 156
126 312
127 128
128 255
129 176
130 252
131 132
132 336
133 160
134 204
135 240
136 270
137 138
138 288
139 140
140 336
141 192
142 216
143 168
144 403
145 180
146 222
147 228
148 266
149 150
150 372
151 152
152 300
153 234
154 288
155 192
156 392
157 158
158 240
159 216
160 378
161 192
162 363
163 164
164 294
165 288
166 252
167 168
168 480
169 183
170 324
171 260
172 308
173 174
174 360
175 248
176 372
177 240
178 270
179 180
180 546
181 182
182 336
183 248
184 360
185 228
186 384
187 216
188 336
189 320
190 360
191 192
192 508
193 194
194 294
195 336
196 399
197 198
198 468
199 200
200 465
201 272
202 306
203 240
204 504
205 252
206 312
207 312
208 434
209 240
210 576
211 212
212 378
213 288
214 324
215 264
216 600
217 256
218 330
219 296
220 504
221 252
222 456
223 224
224 504
225 403
226 342
227 228
228 560
229 230
230 432
231 384
232 450
233 234
234 546
235 288
236 420
237 320
238 432
239 240
240 744
241 242
242 399
243 364
244 434
245 342
246 504
247 280
248 480
249 336
250 468
251 252
252 728
253 288
254 384
255 432
256 511
257 258
258 528
259 304
260 588
261 390
262 396
263 264
264 720
265 324
266 480
267 360
268 476
269 270
270 720
271 272
272 558
273 448
274 414
275 372
276 672
277 278
278 420
279 416
280 720
281 282
282 576
283 284
284 504
285 480
286 504
287 336
288 819
289 307
290 540
291 392
292 518
293 294
294 684
295 360
296 570
297 480
298 450
299 336
300 868
301 352
302 456
303 408
304 620
305 372
306 702
307 308
308 672
309 416
310 576
311 312
312 840
313 314
314 474
315 624
316 560
317 318
318 648
319 360
320 762
321 432
322 576
323 360
324 847
325 434
326 492
327 440
328 630
329 384
330 864
331 332
332 588
333 494
334 504
335 408
336 992
337 338
338 549
339 456
340 756
341 384
342 780
343 400
344 660
345 576
346 522
347 348
348 840
349 350
350 744
351 560
352 756
353 354
354 720
355 432
356 630
357 576
358 540
359 360
360 1170
361 381
362 546
363 532
364 784
365 444
366 744
367 368
368 744
369 546
370 684
371 432
372 896
373 374
374 648
375 624
376 720
377 420
378 960
379 380
380 840
381 512
382 576
383 384
384 1020
385 576
386 582
387 572
388 686
389 390
390 1008
391 432
392 855
393 528
394 594
395 480
396 1092
397 398
398 600
399 640
400 961
401 402
402 816
403 448
404 714
405 726
406 720
407 456
408 1080
409 410
410 756
411 552
412 728
413 480
414 936
415 504
416 882
417 560
418 720
419 420
420 1344
421 422
422 636
423 624
424 810
425 558
426 864
427 496
428 756
429 672
430 792
431 432
432 1240
433 434
434 768
435 720
436 770
437 480
438 888
439 440
440 1080
441 741
442 756
443 444
444 1064
445 540
446 672
447 600
448 1016
449 450
450 1209
451 504
452 798
453 608
454 684
455 672
456 1200
457 458
458 690
459 720
460 1008
461 462
462 1152
463 464
464 930
465 768
466 702
467 468
468 1274
469 544
470 864
471 632
472 900
473 528
474 960
475 620
476 1008
477 702
478 720
479 480
480 1512
481 532
482 726
483 768
484 931
485 588
486 1092
487 488
488 930
489 656
490 1026
491 492
492 1176
493 540
494 840
495 936
496 992
497 576
498 1008
499 500
500 1092
501 672
502 756
503 504
504 1560
505 612
506 864
507 732
508 896
509 510
510 1296
511 592
512 1023
513 800
514 774
515 624
516 1232
517 576
518 912
519 696
520 1260
521 522
522 1170
523 524
524 924
525 992
526 792
527 576
528 1488
529 553
530 972
531 780
532 1120
533 588
534 1080
535 648
536 1020
537 720
538 810
539 684
540 1680
541 542
542 816
543 728
544 1134
545 660
546 1344
547 548
548 966
549 806
550 1116
551 600
552 1440
553 640
554 834
555 912
556 980
557 558
558 1248
559 616
560 1488
561 864
562 846
563 564
564 1344
565 684
566 852
567 968
568 1080
569 570
570 1440
571 572
572 1176
573 768
574 1008
575 744
576 1651
577 578
578 921
579 776
580 1260
581 672
582 1176
583 648
584 1110
585 1092
586 882
587 588
588 1596
589 640
590 1080
591 792
592 1178
593 594
594 1440
595 864
596 1050
597 800
598 1008
599 600
600 1860
601 602
602 1056
603 884
604 1064
605 798
606 1224
607 608
608 1260
609 960
610 1116
611 672
612 1638
613 614
614 924
615 1008
616 1440
617 618
618 1248
619 620
620 1344
621 960
622 936
623 720
624 1736
625 781
626 942
627 960
628 1106
629 684
630 1872
631 632
632 1200
633 848
634 954
635 768
636 1512
637 798
638 1080
639 936
640 1530
641 642
642 1296
643 644
644 1344
645 1056
646 1080
647 648
648 1815
649 720
650 1302
651 1024
652 1148
653 654
654 1320
655 792
656 1302
657 962
658 1152
659 660
660 2016
661 662
662 996
663 1008
664 1260
665 960
666 1482
667 720
668 1176
669 896
670 1224
671 744
672 2016
673 674
674 1014
675 1240
676 1281
677 678
678 1368
679 784
680 1620
681 912
682 1152
683 684
684 1820
685 828
686 1200
687 920
688 1364
689 756
690 1728
691 692
692 1218
693 1248
694 1044
695 840
696 1800
697 756
698 1050
699 936
700 1736
701 702
702 1680
703 760
704 1524
705 1152
706 1062
707 816
708 1680
709 710
710 1296
711 1040
712 1350
713 768
714 1728
715 1008
716 1260
717 960
718 1080
719 720
720 2418
721 832
722 1143
723 968
724 1274
725 930
726 1596
727 728
728 1680
729 1093
730 1332
731 792
732 1736
733 734
734 1104
735 1368
736 1512
737 816
738 1638
739 740
740 1596
741 1120
742 1296
743 744
744 1920
745 900
746 1122
747 1092
748 1512
749 864
750 1872
751 752
752 1488
753 1008
754 1260
755 912
756 2240
757 758
758 1140
759 1152
760 1800
761 762
762 1536
763 880
764 1344
765 1404
766 1152
767 840
768 2044
769 770
770 1728
771 1032
772 1358
773 774
774 1716
775 992
776 1470
777 1216
778 1170
779 840
780 2352
781 864
782 1296
783 1200
784 1767
785 948
786 1584
787 788
788 1386
789 1056
790 1440
791 912
792 2340
793 868
794 1194
795 1296
796 1400
797 798
798 1920
799 864
800 1953
801 1170
802 1206
803 888
804 1904
805 1152
806 1344
807 1080
808 1530
809 810
810 2178
811 812
812 1680
813 1088
814 1368
815 984
816 2232
817 880
818 1230
819 1456
820 1764
821 822
822 1656
823 824
824 1560
825 1488
826 1440
827 828
828 2184
829 830
830 1512
831 1112
832 1778
833 1026
834 1680
835 1008
836 1680
837 1280
838 1260
839 840
840 2880
841 871
842 1266
843 1128
844 1484
845 1098
846 1872
847 1064
848 1674
849 1136
850 1674
851 912
852 2016
853 854
854 1488
855 1560
856 1620
857 858
858 2016
859 860
860 1848
861 1344
862 1296
863 864
864 2520
865 1044
866 1302
867 1228
868 1792
869 960
870 2160
871 952
872 1650
873 1274
874 1440
875 1248
876 2072
877 878
878 1320
879 1176
880 2232
881 882
882 2223
883 884
884 1764
885 1440
886 1332
887 888
888 2280
889 1024
890 1620
891 1452
892 1568
893 960
894 1800
895 1080
896 2040
897 1344
898 1350
899 960
900 2821
901 972
902 1512
903 1408
904 1710
905 1092
906 1824
907 908
908 1596
909 1326
910 2016
911 912
912 2480
913 1008
914 1374
915 1488
916 1610
917 1056
918 2160
919 920
920 2160
921 1232
922 1386
923 1008
924 2688
925 1178
926 1392
927 1352
928 1890
929 930
930 2304
931 1140
932 1638
933 1248
934 1404
935 1296
936 2730
937 938
938 1632
939 1256
940 2016
941 942
942 1896
943 1008
944 1860
945 1920
946 1584
947 948
948 2240
949 1036
950 1860
951 1272
952 2160
953 954
954 2106
955 1152
956 1680
957 1440
958 1440
959 1104
960 3048
961 993
962 1596
963 1404
964 1694
965 1164
966 2304
967 968
968 1995
969 1440
970 1764
971 972
972 2548
973 1120
974 1464
975 1736
976 1922
977 978
978 1968
979 1080
980 2394
981 1430
982 1476
983 984
984 2520
985 1188
986 1620
987 1536
988 1960
989 1056
990 2808
991 992
992 2016
993 1328
994 1728
995 1200
996 2352
997 998
998 1500
999 1520
1000 2340
